restricted areas: 
  - id: 14525424
    points: [[-6.61826, -5.34857],[-5.99781, -5.9329],[-5.41538, -5.40123],[-6.03966, -4.69444]]
    description: imark_rpoly_2
  - id: 14525425
    points: [[-3.93408, -4.80343],[-2.75649, -3.82024],[-1.81823, -4.2276],[-2.48338, -4.73961]]
    description: imark_rpoly_3
  - id: 14525426
    points: [[-3.31728, 3.10979],[2.57744, -3.55408],[-3.30921, 3.09634]]
    description: imark_rpoly_4
  - id: 14525427
    points: [[-3.07751, -1.75893],[-2.31502, -2.3103],[-1.8312, -1.82094],[-2.48247, -0.719989]]
    description: imark_rpoly_5
