restricted areas: 
  - id: 8188496
    points: [[-6.61826, -5.34857],[-6.09007, -5.85124],[-5.56322, -5.27513],[-6.03966, -4.69444]]
    description: imark_rpoly_0
  - id: 8188497
    points: [[-3.63561, -4.79752],[-2.60392, -3.82287],[-1.81823, -4.2276],[-2.48338, -4.73961]]
    description: imark_rpoly_1
  - id: 8188498
    points: [[-3.31728, 3.10979],[2.57744, -3.55408],[-3.30921, 3.09634]]
    description: imark_rpoly_2
  - id: 8188499
    points: [[-3.07751, -1.75893],[-2.394, -2.17503],[-1.92122, -1.69131],[-2.48247, -0.719989]]
    description: imark_rpoly_3
