#[x,y,theta]
home: [0, 0, 0]

#order: [1, -0.5, -0.7]
#kitchen: [-2.04, 0.3, 0]
#new_kitchen: [-2.14, 0.0, 0]
#kitchen_backwards: [-2.04, 0.3, 3.14]


rc_entrance: [1.678, -0.553, -1.5708]
rc_table: [2.392, 0.443, -1.5708]
rc_window: [1.000, 0.995, 1.5708]

rc_drive_by_start: [4.30, 0.688, -3.1415926]
rc_drive_by_end: [1.00, 0.688, -3.1415926]

intermediate: [2.699, -2.658, 0.068]
watercooler_mm_deg: [1869,-1376,-51.4]
table_mm_deg: [3855,-2874,35.1]
intermediate_mm_deg: [2699, -2658, -3.9]

table_cup_start: [-1.5, -0.5, 0.0]
table_cup_end: [1.0, -0.7, 0.0]

home1: [0, 0, 0] 
home2: [0, 0, 1.570796327] 
home3: [0, 0, 3.141592654] 
home4: [0, 0, 4.712388981] 

sofa1: [3.76407933158, 1.09891777248, 0] 
sofa2: [3.76407933158, 1.09891777248, 1.570796327] 
sofa3: [3.76407933158, 1.09891777248, 3.141592654] 
sofa4: [3.76407933158, 1.09891777248, 4.712388981] 

tv1: [4.56507933158, 0.73891777248, 0] 
tv2: [4.56507933158, 0.73891777248, 1.570796327] 
tv3: [4.56507933158, 0.73891777248, 3.141592654] 
tv4: [4.56507933158, 0.73891777248, 4.712388981] 

kitchen1: [-0.262234772591, -1.87433463074, 0] 
kitchen2: [-0.262234772591, -1.87433463074, 1.570796327] 
kitchen3: [-0.262234772591, -1.87433463074, 3.141592654] 
kitchen4: [-0.262234772591, -1.87433463074, 4.712388981] 

park1: [-0.762189130229, 2.30484856229, 0] 
park2: [-0.762189130229, 2.30484856229, 1.570796327] 
park3: [-0.762189130229, 2.30484856229, 3.141592654] 
park4: [-0.762189130229, 2.30484856229, 4.712388981] 

stair1: [1.16567863441, 0.591344956647, 0] 
stair2: [1.16567863441, 0.591344956647, 1.570796327] 
stair3: [1.16567863441, 0.591344956647, 3.141592654] 
stair4: [1.16567863441, 0.591344956647, 4.712388981] 

table1: [2.89785673197, 0.703790430949, 0] 
table2: [2.89785673197, 0.703790430949, 1.570796327] 
table3: [2.89785673197, 0.703790430949, 3.141592654] 
table4: [2.89785673197, 0.703790430949, 4.712388981] 




