image: map.pgm
resolution: 0.050000
origin: [-7.80000, -8.250000, 0.00000]
negate: 0
occupied_thresh: 0.65
free_thresh: 0.196

